  0.000  3.931  6.618  8.519 11.754 11.554 14.721 16.208 19.371 22.573 26.135 28.434 31.598 32.554 32.996 32.588 29.151 27.846 30.138 30.956 33.381 36.090 35.091 31.619 29.351 26.907 28.791 28.578 27.018 24.006 23.306 23.942 21.637 18.817 19.381 19.662 16.713 14.310 16.359 16.025 12.152 12.064 11.237 14.279 15.729 17.503 20.104 21.040 24.529 23.927 27.018 26.874 28.535 25.701 22.663 22.114 22.235 20.227 17.252 16.630 18.981 16.682 17.813 15.852 12.508 14.376 18.133 19.131 22.828 25.781 24.371 26.479 25.192 27.455 27.651 27.866 24.265 22.913 24.179 21.940 18.733 17.020 18.135 17.189 20.005 23.055 23.210 27.094 30.113 31.704 34.864 38.305 41.539 45.384 47.383 51.184 53.865 53.864 55.954 56.227 55.163 52.555 49.763 47.103 49.290 51.476 54.493 54.212 53.297 56.144 58.564 56.399 55.800 51.907 50.092 46.789 45.094 45.523 42.519 40.047 38.580 40.901 43.719 42.374 42.024 45.626 46.991 46.084 46.443 49.600 51.205 51.784 53.202 55.476 54.371 55.812 52.592 53.026 50.239 50.007 48.299 46.943 46.154 48.748 51.532 50.274 50.606 54.018 55.698 54.075 55.156 58.466 59.260 59.191 55.945 55.282 51.327 48.350 44.791 41.756 38.196 38.907 37.355 39.452 42.466 41.496 40.828 42.632 45.744 46.467 45.997 47.919 51.860 52.249 50.291 52.300 54.067 51.208 48.747 46.423 48.315 46.929 43.340 40.226 39.174 36.423 36.014 32.717 34.746 35.286 33.224 30.142 28.982 27.687 24.950 21.114 17.982 17.860 14.532 13.684 14.320 11.278  8.793  9.765  7.178  8.078 11.596 11.808 10.848 13.792 15.898 15.799 16.507 19.261 20.627 20.814 22.463 24.976 25.717 26.447 28.642 26.829 26.444 30.268 30.975 28.712 30.384 33.872 33.425 33.731 34.737 37.606 37.588 34.866 32.375 29.895 32.464 33.339
  3.931  0.000  3.826  5.963  8.699  8.050 11.438 12.624 16.003 19.015 22.681 24.782 28.024 28.924 29.224 28.806 25.430 24.077 26.327 27.149 29.526 32.306 31.355 27.915 25.532 23.033 24.869 24.694 23.237 20.245 19.404 20.093 17.920 14.964 15.517 16.034 13.178 10.577 12.942 13.010  9.138  9.150  7.794 10.798 11.906 13.875 16.461 17.713 21.173 20.789 24.035 23.986 25.997 23.363 20.237 20.267 20.543 18.107 15.244 15.435 17.694 15.252 15.580 13.166  9.910 11.299 15.030 15.637 19.435 22.513 21.467 23.855 22.997 25.555 26.261 26.390 22.628 21.650 23.374 21.032 17.499 15.638 16.126 14.858 17.783 20.441 20.126 23.981 27.100 28.561 31.875 35.293 38.489 42.332 44.155 47.946 50.545 50.559 52.775 53.103 52.211 49.640 46.991 44.417 46.804 49.092 52.101 51.599 50.642 53.600 55.905 53.578 52.870 48.993 47.088 43.862 42.133 42.758 39.908 37.366 36.020 38.196 41.093 40.010 39.666 43.155 44.694 44.007 44.270 47.272 48.861 49.683 51.141 53.218 51.899 53.196 49.885 50.188 47.407 47.027 45.301 43.757 42.859 45.330 48.223 47.016 47.199 50.597 52.397 50.758 51.699 55.032 55.923 55.964 52.792 52.185 48.225 45.200 41.730 38.585 34.966 35.624 33.880 35.949 39.009 37.943 37.139 38.960 42.119 42.880 42.313 44.167 48.102 48.562 46.676 48.674 50.545 47.767 45.412 43.228 45.277 44.043 40.553 37.392 36.512 33.976 33.816 30.719 32.939 33.166 30.821 27.881 26.758 25.070 22.092 18.303 14.993 15.295 12.443 12.531 13.976 11.790  8.388  9.809  7.137  6.069  9.947 10.562  8.618 10.990 13.783 13.791 13.774 16.413 18.305 18.414 19.551 22.260 23.370 23.889 25.787 23.675 23.227 27.041 27.592 25.143 26.849 30.307 29.688 29.993 31.162 34.129 34.281 31.745 29.133 26.883 29.627 30.823
  6.618  3.826  0.000  3.874  5.514  5.156  8.410 10.515 13.936 17.187 20.850 22.845 26.262 27.584 27.994 27.912 24.591 22.712 24.524 24.915 27.302 29.799 28.738 25.210 23.169 20.945 23.258 23.603 22.707 19.568 18.298 19.503 17.890 14.427 14.748 16.148 13.842 10.613 13.061 14.200 10.719  9.874  7.123  8.802  9.943 11.083 13.776 14.782 18.433 18.387 21.812 22.302 24.227 21.405 18.657 19.058 18.752 15.935 13.679 13.895 15.449 12.505 12.642 10.704  8.131 10.269 14.052 14.889 18.625 22.069 21.235 24.097 23.726 26.194 27.175 26.795 22.987 22.642 24.236 21.453 18.017 16.783 17.323 16.387 19.615 21.768 20.962 24.653 27.655 28.641 32.093 35.314 38.601 42.363 44.038 47.845 50.435 50.664 53.083 53.321 52.670 50.015 47.561 44.942 47.504 49.717 52.838 52.173 50.983 53.924 56.021 53.581 52.615 48.781 46.616 43.342 41.322 41.892 39.042 36.731 35.761 38.035 40.779 39.884 39.853 43.247 44.714 44.335 44.782 47.637 48.976 49.908 51.607 53.533 52.053 53.082 49.637 49.647 46.709 46.044 44.061 42.474 41.769 44.086 47.038 46.123 46.298 49.545 51.545 50.116 50.943 54.191 55.331 55.335 52.311 51.969 48.042 44.832 41.463 38.140 34.603 35.510 33.517 35.266 38.542 37.560 36.420 37.994 41.346 42.410 41.791 43.341 47.242 47.689 46.073 48.216 50.254 47.547 45.442 43.405 45.580 44.658 41.315 37.985 37.074 34.814 34.637 31.636 33.693 33.516 31.106 28.517 27.823 25.899 22.576 18.950 15.282 15.317 12.750 12.852 15.162 13.208 10.090 12.501 10.526  8.606 12.295 13.613 11.357 12.835 16.195 16.463 15.745 18.107 20.552 20.566 21.081 24.000 25.484 25.686 27.248 24.700 24.229 27.963 28.187 25.387 27.138 30.502 29.408 29.632 31.211 34.423 34.816 32.581 29.692 27.855 30.668 32.138
  8.519  5.963  3.874  0.000  3.941  6.015  9.617 11.878 15.629 18.473 22.260 23.686 27.330 28.580 28.529 28.294 25.285 23.362 24.845 24.841 26.768 29.152 27.639 24.282 22.271 20.502 22.872 23.555 22.917 20.174 18.270 19.016 17.937 14.581 13.870 15.171 13.579  9.901 11.286 12.932 10.009  7.824  5.027  6.502  8.999 10.517 13.924 15.633 19.383 20.069 23.736 24.573 26.769 24.076 21.476 22.320 21.893 18.771 16.915 17.379 18.506 15.218 14.947 13.227 11.268 12.937 16.458 16.575 20.362 23.860 23.567 26.563 26.466 29.195 30.428 30.149 26.302 25.999 27.829 25.119 21.586 20.122 20.184 18.721 21.601 23.568 22.332 25.969 29.229 30.277 33.871 37.113 40.237 44.001 45.396 49.135 51.514 51.578 54.112 54.577 54.094 51.608 49.285 46.869 49.590 51.978 54.994 54.123 53.027 56.115 58.145 55.534 54.514 50.713 48.507 45.380 43.370 44.183 41.523 39.150 38.271 40.328 43.181 42.536 42.424 45.696 47.363 47.109 47.385 50.115 51.522 52.661 54.304 56.076 54.422 55.364 51.862 51.768 48.877 48.040 46.035 44.189 43.315 45.391 48.525 47.689 47.577 50.799 52.990 51.488 52.042 55.351 56.613 56.844 53.923 53.579 49.655 46.462 43.239 39.822 36.190 36.846 34.558 36.370 39.621 38.316 36.951 38.686 42.074 43.058 42.101 43.593 47.457 48.200 46.688 48.641 50.891 48.405 46.403 44.619 47.024 46.147 42.901 39.681 39.099 36.996 37.147 34.345 36.633 36.331 33.687 31.142 30.254 28.009 24.639 21.124 17.554 18.185 16.049 16.573 18.877 16.931 13.659 15.597 12.984 11.189 14.910 15.567 12.630 14.280 17.693 17.190 15.951 18.738 21.137 20.435 20.849 24.146 25.361 25.002 26.736 23.983 24.098 27.797 27.541 24.864 27.102 30.176 28.881 29.587 31.421 34.536 35.320 33.327 30.587 28.911 32.016 33.797
 11.754  8.699  5.514  3.941  0.000  3.739  6.532  9.201 12.820 15.551 19.251 20.459 24.196 25.719 25.730 25.783 22.876 20.553 21.652 21.343 23.296 25.508 24.026 20.591 18.792 17.184 19.898 20.990 20.865 18.060 15.846 17.129 16.592 12.923 12.157 14.385 13.344  9.558 11.219 13.744 11.412  9.393  5.688  4.559  6.379  6.873 10.326 12.040 15.810 16.902 20.675 21.918 24.189 21.591 19.307 20.690 20.027 16.579 15.361 16.309 16.868 13.481 12.438 10.944 10.013 11.547 14.654 14.705 18.255 21.942 21.969 25.312 25.731 28.430 30.024 29.389 25.562 25.830 27.719 24.800 21.337 20.262 20.113 18.868 21.885 23.272 21.578 24.945 28.031 28.632 32.306 35.334 38.482 42.141 43.371 47.094 49.444 49.701 52.405 52.785 52.533 49.995 47.878 45.463 48.352 50.690 53.771 52.719 51.434 54.519 56.345 53.619 52.382 48.643 46.237 43.128 40.922 41.766 39.202 36.983 36.426 38.467 41.206 40.803 40.914 44.039 45.702 45.751 46.120 48.664 49.873 51.171 52.987 54.566 52.733 53.427 49.823 49.478 46.503 45.425 43.258 41.328 40.558 42.475 45.660 45.048 44.895 47.985 50.334 48.991 49.433 52.665 54.124 54.347 51.568 51.441 47.567 44.245 41.152 37.607 34.068 34.903 32.412 33.935 37.332 36.109 34.473 35.986 39.503 40.737 39.763 40.990 44.807 45.516 44.230 46.306 48.674 46.258 44.491 42.855 45.365 44.788 41.716 38.376 37.815 36.020 36.231 33.618 35.821 35.118 32.368 30.184 29.650 27.162 23.553 20.326 16.644 17.232 15.698 16.612 19.537 18.171 14.961 17.384 15.327 12.737 16.069 17.327 14.273 14.925 18.708 18.637 16.823 19.057 21.980 21.403 21.108 24.423 26.126 25.603 26.822 23.717 23.626 27.150 26.679 23.658 25.780 28.756 27.053 27.578 29.740 33.065 34.024 32.338 29.358 28.118 31.230 33.267
 11.554  8.050  5.156  6.015  3.739  0.000  3.874  5.943  9.623 12.596 16.326 17.980 21.545 23.001 23.332 23.452 20.263 18.037 19.553 19.781 22.185 24.673 23.736 20.180 18.129 15.880 18.381 19.036 18.625 15.463 13.834 15.557 14.528 10.716 11.050 13.429 11.809  8.511 11.305 13.436 10.858 10.123  6.522  6.063  5.632  6.105  8.634 10.017 13.658 14.112 17.774 18.632 20.961 18.469 15.898 17.282 17.004 13.613 12.072 13.500 14.489 11.592 10.167  7.839  6.640  7.811 10.969 11.298 14.879 18.561 18.350 21.676 22.083 24.723 26.363 25.691 21.867 22.245 24.205 21.318 17.826 16.822 16.634 15.656 18.866 20.144 18.588 21.944 24.848 25.375 28.984 32.008 35.254 38.922 40.329 44.102 46.595 46.960 49.585 49.813 49.457 46.811 44.623 42.095 44.918 47.174 50.309 49.348 48.011 51.033 52.898 50.256 49.067 45.299 42.938 39.758 37.594 38.363 35.732 33.464 32.819 34.931 37.657 37.157 37.270 40.444 42.055 42.058 42.473 45.058 46.255 47.492 49.317 50.945 49.178 49.927 46.354 46.096 43.124 42.182 40.092 38.283 37.541 39.646 42.723 41.992 42.007 45.157 47.355 46.012 46.646 49.863 51.204 51.299 48.431 48.273 44.387 41.064 37.872 34.382 30.874 31.850 29.559 31.077 34.481 33.476 32.041 33.476 36.948 38.207 37.501 38.816 42.678 43.157 41.749 43.959 46.153 43.565 41.710 39.896 42.264 41.672 38.552 35.131 34.393 32.553 32.635 29.982 32.117 31.408 28.708 26.537 26.135 23.737 20.101 16.869 13.107 13.522 12.144 13.375 16.506 15.682 12.441 15.042 13.584 10.451 13.348 15.174 12.447 12.437 16.309 16.916 15.233 16.917 20.052 20.070 19.624 22.615 24.689 24.597 25.516 22.529 21.860 25.375 25.315 22.141 23.799 27.030 25.510 25.583 27.523 30.944 31.597 29.759 26.631 25.342 28.260 30.159
 14.721 11.438  8.410  9.617  6.532  3.874  0.000  3.874  6.641  9.892 13.349 15.154 18.672 20.584 21.321 21.916 18.722 16.014 17.189 17.258 19.980 22.248 21.643 17.964 16.277 14.018 16.867 17.814 17.905 14.542 13.035 15.600 14.959 11.080 11.923 14.986 13.719 10.937 13.862 16.260 14.075 13.625 10.044  8.511  6.775  5.108  6.064  6.373 10.052 10.500 14.206 15.474 17.683 15.182 13.033 14.897 14.283 10.630  9.968 11.863 12.170  9.511  7.095  5.057  5.864  6.977  9.289 10.142 13.131 16.959 16.808 20.431 21.294 23.661 25.523 24.359 20.669 21.711 23.505 20.385 17.204 16.897 16.781 16.412 19.760 20.482 18.723 21.682 24.165 24.109 27.677 30.401 33.749 37.269 38.638 42.413 44.979 45.644 48.382 48.398 48.204 45.421 43.398 40.771 43.672 45.759 49.012 47.976 46.382 49.303 50.974 48.309 46.904 43.199 40.626 37.380 34.964 35.602 32.960 30.947 30.657 32.889 35.391 35.021 35.460 38.523 39.993 40.270 40.901 43.340 44.260 45.546 47.596 49.099 47.242 47.755 44.104 43.610 40.504 39.369 37.080 35.337 34.845 36.900 39.923 39.429 39.569 42.566 44.840 43.738 44.394 47.477 48.979 48.933 46.177 46.276 42.459 38.984 35.871 32.297 28.985 30.327 27.990 29.100 32.675 31.962 30.346 31.402 34.992 36.584 36.047 37.075 40.879 41.156 39.964 42.406 44.611 41.996 40.361 38.586 40.930 40.647 37.688 34.105 33.207 31.644 31.595 29.068 30.927 29.834 27.189 25.460 25.598 23.168 19.375 16.558 12.813 12.705 11.983 13.297 16.911 16.683 13.942 16.947 16.239 12.869 15.127 17.549 15.178 14.361 18.226 19.408 17.577 18.561 22.002 22.366 21.417 24.170 26.683 26.655 27.073 23.947 22.883 26.137 26.077 22.613 23.869 27.052 25.234 24.858 26.991 30.625 31.261 29.655 26.254 25.380 28.088 30.060
 16.208 12.624 10.515 11.878  9.201  5.943  3.874  0.000  3.917  6.704 10.434 12.360 15.753 17.263 17.985 18.438 15.084 12.643 14.369 15.160 18.102 20.820 20.701 17.141 14.925 11.977 14.244 14.620 14.396 10.871  9.901 12.710 11.791  8.089  9.895 12.921 11.585  9.741 13.034 15.117 13.367 13.821 10.801  9.631  6.600  5.832  5.237  6.141  8.921  8.901 12.468 13.125 15.912 14.049 11.426 13.749 14.064 10.602  9.618 12.531 13.424 11.710  8.811  5.654  6.308  4.994  6.206  6.341  9.370 13.187 13.308 16.973 18.114 20.710 22.928 21.960 18.292 19.446 21.683 18.895 15.594 15.002 14.189 13.690 16.823 17.082 15.116 17.908 20.334 20.269 23.869 26.643 29.948 33.503 34.880 38.662 41.234 41.853 44.551 44.582 44.358 41.603 39.577 37.003 39.948 42.119 45.316 44.220 42.694 45.688 47.391 44.687 43.360 39.632 37.155 33.980 31.739 32.582 30.077 27.820 27.382 29.426 32.084 31.822 32.080 35.091 36.742 37.028 37.480 39.862 40.904 42.318 44.258 45.686 43.763 44.329 40.695 40.300 37.306 36.280 34.191 32.342 31.616 33.754 36.794 36.097 36.182 39.300 41.485 40.235 40.930 44.084 45.464 45.476 42.652 42.629 38.782 35.368 32.232 28.681 25.279 26.518 24.231 25.479 28.990 28.268 26.815 27.983 31.488 32.963 32.521 33.704 37.552 37.774 36.421 38.849 40.961 38.285 36.567 34.750 37.092 36.785 33.837 30.269 29.463 27.976 28.110 25.764 27.819 26.634 23.791 22.092 22.166 19.544 15.716 13.114  9.559  9.996 10.299 12.632 16.189 16.773 13.878 16.437 16.037 12.297 13.693 16.227 13.982 12.245 15.995 17.541 15.534 15.836 19.462 20.146 18.826 21.280 24.114 24.267 24.300 21.254 19.784 22.894 23.067 19.537 20.433 23.726 22.073 21.414 23.372 27.028 27.523 25.906 22.449 21.663 24.321 26.371
 19.371 16.003 13.936 15.629 12.820  9.623  6.641  3.917  0.000  3.884  7.027  9.635 12.668 14.582 15.991 16.976 13.571 10.822 12.448 13.537 16.945 19.527 20.066 16.576 14.683 11.585 13.726 14.018 14.121 10.508 10.335 13.805 13.078  9.980 12.350 15.455 14.301 13.152 16.417 18.386 16.859 17.621 14.704 13.341 10.089  8.556  6.095  5.100  6.355  5.252  8.615  9.283 12.163 10.647  8.315 11.331 11.785  8.517  8.456 11.954 12.457 11.712  8.294  5.699  7.787  6.030  4.896  5.885  7.346 11.089 11.163 15.030 16.675 18.880 21.337 19.902 16.508 18.377 20.453 17.632 14.818 14.950 14.177 14.439 17.495 17.133 15.182 17.354 19.117 18.383 21.820 24.244 27.669 31.057 32.489 36.276 38.978 39.920 42.657 42.419 42.286 39.368 37.468 34.765 37.730 39.698 43.011 41.894 40.117 42.981 44.525 41.848 40.356 36.677 34.038 30.771 28.324 29.017 26.480 24.424 24.290 26.466 28.898 28.727 29.289 32.198 33.698 34.222 34.884 37.134 37.917 39.353 41.492 42.819 40.846 41.226 37.542 36.981 33.873 32.748 30.530 28.805 28.321 30.525 33.447 32.890 33.188 36.196 38.356 37.322 38.144 41.163 42.613 42.431 39.662 39.852 36.074 32.534 29.429 25.848 22.688 24.367 22.198 23.014 26.654 26.359 24.886 25.623 29.170 30.953 30.831 31.792 35.574 35.481 34.259 36.950 38.955 36.179 34.625 32.761 34.982 34.955 32.163 28.443 27.400 26.190 26.139 23.955 25.686 24.112 21.367 20.184 20.882 18.354 14.524 12.625  9.558  9.283 10.596 12.977 16.651 17.935 15.639 18.297 18.609 14.903 15.560 18.500 16.788 14.489 17.876 19.981 18.085 17.640 21.327 22.459 20.805 22.796 25.990 26.359 25.901 22.943 20.979 23.706 24.073 20.414 20.656 23.895 22.153 20.847 22.774 26.563 26.857 25.416 21.730 21.351 23.602 25.591
 22.573 19.015 17.187 18.473 15.551 12.596  9.892  6.704  3.884  0.000  3.868  6.002  9.091 10.795 12.125 13.267 10.007  7.031  8.758 10.426 13.949 16.787 17.817 14.635 12.511  9.107 10.634 10.725 11.209  7.913  8.130 11.900 11.720  9.473 11.939 15.021 14.520 14.149 17.036 19.016 18.234 19.220 16.692 15.078 11.432 10.104  6.875  6.641  5.930  5.425  7.979  8.458 12.029 11.693  9.782 13.299 14.234 11.405 11.688 15.398 15.821 15.395 11.825  9.561 11.487  8.999  6.579  5.744  5.438  8.799 10.057 13.939 16.328 18.673 21.650 20.331 17.248 19.383 21.804 19.409 16.772 16.720 15.198 15.209 17.639 16.434 13.942 15.391 16.888 15.729 19.219 21.440 24.702 27.998 29.161 32.892 35.476 36.441 39.298 39.113 39.188 36.355 34.676 32.151 35.318 37.391 40.612 39.231 37.449 40.428 41.825 38.965 37.378 33.757 31.060 27.979 25.585 26.649 24.484 22.297 22.333 24.123 26.641 26.907 27.398 30.027 31.786 32.583 33.037 35.009 35.800 37.552 39.644 40.687 38.465 38.682 34.942 34.250 31.241 29.963 27.833 25.795 25.053 27.093 30.165 29.609 29.678 32.698 34.974 33.877 34.529 37.590 39.114 39.089 36.408 36.632 32.879 29.326 26.398 22.713 19.530 21.126 18.709 19.402 23.084 22.721 21.091 21.800 25.386 27.223 27.056 27.932 31.702 31.640 30.476 33.169 35.251 32.567 31.164 29.498 31.883 32.078 29.510 25.831 25.079 24.302 24.644 22.968 24.871 22.917 19.875 19.118 19.888 16.986 13.243 12.251 10.104 10.635 12.987 15.890 19.321 21.037 18.662 20.899 21.193 17.396 17.544 20.245 18.470 15.603 18.692 20.783 18.530 17.466 21.231 22.358 20.126 21.848 25.311 25.541 24.543 21.542 19.381 21.648 21.907 18.175 18.054 21.060 19.145 17.530 19.600 23.453 23.887 22.829 19.078 19.273 21.482 23.802
 26.135 22.681 20.850 22.260 19.251 16.326 13.349 10.434  7.027  3.868  0.000  3.844  5.765  8.121 10.414 12.289  9.445  6.449  7.583  9.647 13.385 15.920 17.724 14.936 13.316 10.254 11.232 11.217 12.151  9.518 10.422 14.146 14.254 12.729 15.211 18.156 17.857 17.849 20.620 22.518 21.916 23.028 20.553 18.829 15.181 13.583 10.007  8.956  6.498  5.350  5.909  6.259  9.920 10.694  9.715 13.493 14.543 12.376 13.371 17.081 17.159 17.408 13.833 12.218 14.530 12.111  9.008  8.589  6.410  8.391  9.928 13.527 16.472 18.320 21.522 19.851 17.312 20.013 22.250 20.044 18.004 18.454 16.942 17.434 19.558 17.786 15.385 15.957 16.596 14.597 17.737 19.378 22.637 25.648 26.743 30.419 33.074 34.386 37.308 36.866 37.115 34.167 32.721 30.152 33.376 35.251 38.533 37.050 35.013 37.873 39.037 36.151 34.346 30.824 27.922 24.826 22.201 23.234 21.208 19.259 19.765 21.521 23.762 24.313 25.125 27.494 29.156 30.310 30.915 32.625 33.125 35.000 37.274 38.106 35.755 35.702 31.901 30.961 27.861 26.387 24.120 22.091 21.555 23.583 26.579 26.217 26.438 29.314 31.620 30.758 31.474 34.385 36.027 35.848 33.280 33.763 30.121 26.439 23.656 19.929 17.108 19.173 16.853 16.902 20.701 20.819 19.114 19.253 22.866 25.071 25.233 25.795 29.438 29.047 28.082 31.038 33.028 30.303 29.163 27.553 29.841 30.416 28.135 24.388 23.506 23.202 23.475 22.188 23.750 21.310 18.379 18.379 19.762 17.009 13.618 13.635 12.336 12.452 15.313 18.082 21.386 23.523 21.552 23.764 24.447 20.725 20.459 23.293 21.839 18.728 21.460 23.819 21.654 20.107 23.773 25.153 22.682 23.975 27.635 27.977 26.547 23.697 21.235 22.986 23.348 19.676 18.924 21.641 19.665 17.425 19.420 23.268 23.550 22.834 19.010 19.768 21.477 23.751
 28.434 24.782 22.845 23.686 20.459 17.980 15.154 12.360  9.635  6.002  3.844  0.000  3.894  6.318  7.778  9.998  8.094  4.548  3.950  6.050  9.713 12.347 14.414 12.025 10.440  7.746  8.324  8.924 10.930  9.312  9.550 13.077 14.163 13.148 14.935 17.941 18.448 18.576 20.765 22.944 22.948 23.807 21.501 19.343 15.704 14.078 10.449 10.201  7.379  8.086  8.702  9.681 13.094 14.127 13.504 17.313 18.152 15.787 16.916 20.575 20.426 20.286 16.536 15.069 17.400 14.976 12.176 10.812  8.766 10.191 12.694 16.037 19.248 21.303 24.712 23.241 20.815 23.412 25.847 23.783 21.638 21.780 19.893 19.871 21.603 19.486 16.561 16.685 17.384 15.226 18.371 19.748 22.594 25.418 25.950 29.457 31.784 33.024 36.176 35.950 36.561 33.843 32.742 30.521 33.982 36.024 39.121 37.282 35.306 38.316 39.255 36.111 34.148 30.781 27.787 25.058 22.484 23.985 22.512 20.600 21.371 22.578 24.840 25.924 26.640 28.618 30.552 31.995 32.344 33.708 34.211 36.430 38.624 39.110 36.467 36.165 32.325 31.133 28.184 26.368 24.115 21.592 20.746 22.234 25.541 25.392 25.112 27.874 30.523 29.628 29.887 32.837 34.732 34.874 32.554 33.139 29.592 25.936 23.558 19.729 16.956 18.655 15.767 15.598 19.405 19.145 16.881 17.020 20.801 23.107 22.867 23.140 26.736 26.648 25.961 28.794 31.104 28.705 27.889 26.751 29.375 30.221 28.264 24.716 24.367 24.519 25.292 24.472 26.246 23.615 20.481 20.724 21.881 18.789 15.590 15.954 14.922 15.706 18.588 21.542 24.854 26.853 24.584 26.666 26.968 23.157 23.043 25.545 23.705 20.549 23.298 25.252 22.659 21.087 24.773 25.741 22.859 24.240 27.898 27.797 26.076 23.028 20.850 22.204 22.052 18.379 17.743 19.923 17.455 15.334 17.855 21.688 22.505 22.392 18.711 20.059 21.965 24.674
 31.598 28.024 26.262 27.330 24.196 21.545 18.672 15.753 12.668  9.091  5.765  3.894  0.000  3.816  6.725  9.562  8.395  6.207  5.605  8.128 11.265 13.491 16.305 14.562 13.349 11.052 10.701 10.598 12.396 11.402 12.504 15.675 16.596 16.183 18.244 20.911 21.348 21.901 24.130 26.031 26.121 27.277 25.113 23.134 19.449 17.932 14.285 13.671 10.473 10.343  9.460  9.694 12.716 14.724 14.568 18.237 19.395 17.669 18.947 22.615 22.482 22.897 19.271 17.935 20.265 17.668 14.387 13.239 10.266 10.335 12.898 15.625 19.163 20.785 24.333 22.753 20.892 23.786 26.125 24.402 22.731 23.124 21.167 21.484 22.865 20.295 17.602 16.923 16.745 13.893 16.492 17.215 19.942 22.438 22.903 26.339 28.748 30.309 33.468 32.987 33.725 30.916 30.035 27.816 31.304 33.176 36.279 34.345 32.179 35.090 35.833 32.667 30.553 27.280 24.155 21.486 18.819 20.438 19.274 17.497 18.641 19.617 21.646 23.068 23.961 25.614 27.530 29.277 29.664 30.742 31.037 33.404 35.679 35.943 33.176 32.662 28.799 27.435 24.488 22.552 20.316 17.711 16.895 18.422 21.673 21.588 21.434 24.135 26.751 26.003 26.371 29.215 31.141 31.152 28.893 29.658 26.214 22.480 20.268 16.455 14.107 16.211 13.554 12.669 16.515 16.824 14.652 14.154 17.877 20.502 20.720 20.764 24.226 23.723 23.131 26.229 28.351 25.864 25.259 24.145 26.628 27.815 26.162 22.630 22.211 22.849 23.622 23.268 24.770 21.775 18.781 19.714 21.304 18.437 15.776 16.994 16.719 17.290 20.557 23.495 26.579 28.980 27.008 28.940 29.597 25.867 25.293 27.867 26.386 22.988 25.334 27.563 25.151 23.109 26.613 27.898 24.900 25.771 29.564 29.688 27.593 24.853 22.336 23.181 23.301 19.859 18.512 20.412 18.185 15.401 17.530 21.190 21.703 21.873 18.257 20.069 21.387 23.958
 32.554 28.924 27.584 28.580 25.719 23.001 20.584 17.263 14.582 10.795  8.121  6.318  3.816  0.000  3.840  6.459  5.915  5.634  6.173  9.652 12.116 14.820 17.675 16.331 14.539 12.018 10.408  9.132 10.421 10.339 12.144 14.642 15.461 15.953 18.119 20.202 20.769 21.979 24.005 25.513 25.998 27.515 25.817 24.171 20.439 19.577 16.233 16.297 13.551 13.317 12.640 12.002 15.201 17.410 16.697 20.141 21.856 20.227 20.934 24.742 25.097 25.505 21.942 20.085 21.902 18.827 15.415 13.582 10.321  9.253 12.454 14.559 18.233 20.091 23.839 22.780 21.081 23.679 26.377 25.136 23.380 23.317 20.846 20.835 21.590 18.577 15.788 14.421 13.963 11.038 13.566 14.310 16.758 19.364 19.675 23.147 25.479 26.807 29.954 29.660 30.373 27.711 26.839 24.846 28.459 30.592 33.510 31.418 29.497 32.626 33.477 30.183 28.273 24.945 22.080 19.690 17.578 19.770 19.029 16.721 17.434 17.784 20.206 21.864 22.248 23.736 26.076 27.740 27.680 28.647 29.278 31.874 33.837 33.980 31.101 30.746 26.949 25.840 23.232 21.566 19.901 16.995 15.388 16.972 20.360 19.749 19.247 22.290 24.781 23.583 23.890 26.994 28.677 28.958 26.554 26.981 23.425 19.848 17.645 13.817 11.109 12.720  9.822  9.285 13.105 13.139 11.163 11.145 14.783 17.077 17.305 17.756 21.390 20.975 19.990 22.960 25.030 22.483 21.694 20.609 23.259 24.373 22.781 19.395 19.404 20.275 21.550 21.627 23.495 20.558 17.291 18.247 19.482 16.432 14.244 16.072 16.560 17.716 21.272 24.550 27.313 29.913 27.796 29.268 29.880 26.224 25.255 27.517 26.145 22.520 24.419 26.581 24.171 21.711 24.977 26.330 23.143 23.589 27.419 27.610 25.179 22.723 20.018 20.395 20.699 17.523 15.655 17.361 15.475 12.278 14.058 17.611 18.023 18.398 14.913 17.114 18.290 21.040
 32.996 29.224 27.994 28.529 25.730 23.332 21.321 17.985 15.991 12.125 10.414  7.778  6.725  3.840  0.000  3.133  4.592  5.342  5.495  8.909 10.417 13.520 16.130 15.223 13.025 10.759  8.104  6.487  8.295  9.499 10.823 12.561 14.027 15.138 16.726 18.505 19.683 21.144 22.617 24.143 25.189 26.601 25.253 23.544 19.938 19.471 16.494 17.382 15.044 15.560 15.612 15.276 18.697 20.572 19.539 23.022 24.706 22.698 23.142 26.992 27.462 27.420 23.771 21.677 23.235 20.051 17.001 14.426 11.768 10.884 14.536 16.571 20.100 22.415 26.208 25.561 23.647 25.857 28.857 27.694 25.572 25.003 22.169 21.512 21.906 18.808 15.575 14.089 14.183 11.882 14.572 15.564 17.449 20.080 19.859 23.149 25.041 25.904 29.189 29.374 30.265 27.986 27.254 25.707 29.459 31.927 34.556 32.214 30.643 34.008 34.871 31.391 29.614 26.391 23.766 21.836 20.163 22.749 22.353 19.867 20.302 20.167 22.833 24.661 24.625 25.949 28.622 30.196 29.726 30.575 31.500 34.294 35.966 35.958 32.947 32.648 28.950 27.928 25.654 23.995 22.627 19.397 17.260 18.319 21.940 21.215 20.042 23.125 25.786 24.243 24.049 27.347 29.046 29.819 27.540 27.727 24.202 20.912 19.026 15.342 12.417 12.909  9.315  9.491 12.905 11.839  9.336 10.286 13.925 15.761 15.204 15.841 19.627 19.871 18.830 21.355 23.799 21.615 20.857 20.227 23.299 24.310 22.837 19.803 20.518 21.454 23.279 23.539 25.844 23.138 19.650 20.248 20.836 17.437 15.345 17.030 17.558 19.392 22.831 26.343 29.079 31.466 28.968 30.211 30.386 26.717 25.888 27.727 26.012 22.433 24.282 25.961 23.223 20.816 23.990 24.895 21.424 21.955 25.666 25.442 22.820 20.258 17.895 17.928 17.753 14.687 12.996 14.197 11.951  8.941 11.323 14.880 15.977 16.834 13.642 16.181 17.817 21.022
 32.588 28.806 27.912 28.294 25.783 23.452 21.916 18.438 16.976 13.267 12.289  9.998  9.562  6.459  3.133  0.000  3.842  6.333  7.468 10.794 11.829 15.231 17.408 16.580 13.887 11.471  8.154  5.383  6.316  8.594 10.144 10.971 12.373 14.220 15.690 16.879 18.220 20.135 21.328 22.530 23.925 25.535 24.615 23.214 19.721 19.844 17.305 18.736 16.907 17.428 17.861 17.239 20.824 22.525 21.035 24.347 26.277 24.181 24.171 28.040 28.856 28.646 25.084 22.622 23.732 20.336 17.492 14.442 12.145 11.019 14.819 16.535 19.847 22.492 26.277 26.086 24.084 25.886 29.150 28.225 25.886 24.861 21.703 20.601 20.549 17.348 13.971 12.275 12.730 11.108 13.904 15.324 16.918 19.765 19.478 22.739 24.464 24.852 28.050 28.578 29.327 27.280 26.411 25.094 28.851 31.599 34.033 31.662 30.446 33.991 35.059 31.559 30.084 26.821 24.556 22.831 21.634 24.416 24.096 21.274 21.217 20.797 23.784 25.525 25.025 26.392 29.325 30.629 29.807 30.732 32.023 34.852 36.219 36.258 33.285 33.253 29.686 28.989 26.988 25.640 24.646 21.402 18.879 19.968 23.549 22.421 21.006 24.287 26.764 24.820 24.551 28.037 29.457 30.488 28.086 27.870 24.271 21.280 19.355 15.876 12.619 12.220  8.492  9.796 12.680 10.827  8.712 10.775 13.981 15.061 14.139 15.432 19.345 19.949 18.475 20.582 23.032 20.899 19.799 19.192 22.432 23.091 21.491 18.690 19.840 20.632 22.840 23.184 25.872 23.474 19.823 20.035 20.048 16.471 14.633 16.337 17.182 19.522 22.920 26.617 29.132 31.475 28.782 29.669 29.645 26.085 25.121 26.593 24.845 21.252 22.805 24.232 21.445 18.892 21.849 22.621 19.029 19.377 23.021 22.725 19.936 17.517 15.165 14.921 14.754 11.868  9.966 11.086  9.071  5.880  8.314 11.964 13.275 14.193 11.196 13.846 15.759 19.207
 29.151 25.430 24.591 25.285 22.876 20.263 18.722 15.084 13.571 10.007  9.445  8.094  8.395  5.915  4.592  3.842  0.000  3.844  6.851 10.626 12.674 16.270 18.177 16.566 13.653 10.448  7.964  4.900  4.641  5.364  7.785  9.407  9.968 11.332 13.490 14.907 15.611 17.404 19.137 20.265 21.169 22.949 21.838 20.674 17.049 17.229 14.677 15.973 14.453 14.511 15.193 14.296 18.034 19.440 17.601 20.807 22.846 20.750 20.497 24.366 25.377 25.227 21.782 19.128 20.086 16.607 13.701 10.678  8.336  7.513 11.298 13.423 16.640 19.424 23.135 22.889 20.624 22.383 25.637 24.573 22.124 21.112 18.053 17.092 17.415 14.439 11.078 10.049 10.949  9.542 12.962 15.025 17.341 20.597 21.019 24.568 26.703 27.184 30.155 30.458 30.798 28.454 27.133 25.357 28.933 31.576 34.268 32.272 30.971 34.416 35.749 32.475 31.117 27.614 25.338 23.108 21.703 24.059 23.143 20.199 19.865 20.051 23.156 24.376 23.948 25.829 28.546 29.554 28.982 30.346 31.669 34.171 35.651 36.086 33.386 33.611 29.998 29.507 27.240 26.124 24.948 22.085 19.948 21.613 25.007 23.783 22.930 26.322 28.568 26.727 26.933 30.374 31.632 32.303 29.633 29.365 25.592 22.446 19.957 16.365 12.765 12.967  9.809 11.379 14.587 13.312 11.847 13.592 16.818 17.953 17.488 18.945 22.864 23.150 21.506 23.790 25.939 23.446 21.966 20.748 23.656 23.951 21.823 18.629 19.172 19.337 21.121 20.889 23.584 21.377 17.687 17.471 17.511 13.881 11.464 12.802 13.417 15.693 19.084 22.776 25.309 27.657 25.024 25.995 26.119 22.534 21.539 23.241 21.619 17.972 19.701 21.437 18.825 16.313 19.526 20.619 17.310 17.854 21.637 21.706 19.346 16.836 14.153 14.790 15.135 11.836 10.180 12.500 10.916  8.154  9.998 13.861 14.528 14.409 10.856 12.625 14.748 17.951
 27.846 24.077 22.712 23.362 20.553 18.037 16.014 12.643 10.822  7.031  6.449  4.548  6.207  5.634  5.342  6.333  3.844  0.000  3.871  7.509 10.278 13.759 15.555 13.495 10.828  7.481  6.190  5.000  6.469  5.540  6.586  9.511 10.550 10.602 12.540 14.885 15.611 16.553 18.471 20.216 20.747 22.031 20.358 18.675 14.972 14.444 11.475 12.501 10.752 11.266 12.291 12.201 15.968 17.032 15.518 19.043 20.538 18.142 18.368 22.190 22.745 22.418 18.800 16.516 18.004 14.926 12.147  9.530  7.499  8.237 11.590 14.558 17.743 20.356 23.936 23.167 20.648 22.716 25.672 24.066 21.576 20.965 18.392 17.707 18.810 16.364 13.064 12.929 14.031 12.417 15.862 17.734 20.340 23.458 23.913 27.458 29.645 30.408 33.484 33.616 34.082 31.594 30.346 28.371 31.906 34.319 37.197 35.274 33.700 36.981 38.166 34.932 33.307 29.840 27.228 24.748 22.789 24.776 23.553 21.018 21.136 21.845 24.632 25.748 25.814 27.814 30.196 31.354 31.193 32.616 33.608 35.972 37.767 38.263 35.593 35.608 31.872 31.072 28.475 27.026 25.334 22.572 20.982 22.542 25.974 25.248 24.595 27.723 30.211 28.771 28.942 32.198 33.776 34.257 31.743 31.845 28.147 24.754 22.289 18.530 15.215 16.092 12.965 13.752 17.309 16.382 14.396 15.482 19.067 20.733 20.218 21.120 24.938 25.180 23.997 26.479 28.793 26.392 25.212 24.066 26.897 27.393 25.292 21.930 22.073 22.123 23.439 22.813 25.171 22.830 19.323 19.151 19.605 16.129 13.106 13.701 13.287 15.069 18.192 21.644 24.608 26.696 24.080 25.582 25.645 21.885 21.430 23.468 21.576 18.174 20.553 22.288 19.551 17.628 21.179 22.075 18.949 20.115 23.806 23.676 21.731 18.802 16.511 17.686 17.621 14.007 13.200 15.496 13.281 11.140 13.569 17.441 18.337 18.179 14.582 15.986 18.199 21.209
 30.138 26.327 24.524 24.845 21.652 19.553 17.189 14.369 12.448  8.758  7.583  3.950  5.605  6.173  5.495  7.468  6.851  3.871  0.000  3.928  6.757 10.005 12.148 10.419  8.378  6.056  5.198  6.191  9.189  8.936  8.618 11.439 13.399 13.157 14.262 17.000 18.264 18.732 20.275 22.516 23.192 23.951 22.039 19.739 16.205 15.012 11.803 12.615 10.262 11.758 12.630 13.508 16.957 18.070 17.272 21.031 21.967 19.434 20.307 23.994 23.960 23.470 19.680 18.012 20.035 17.431 14.884 12.656 10.878 11.810 14.992 18.029 21.324 23.703 27.275 26.185 23.765 26.092 28.834 26.993 24.631 24.309 21.975 21.369 22.617 20.228 16.877 16.629 17.535 15.566 18.720 20.050 22.404 25.139 25.142 28.467 30.411 31.371 34.677 34.801 35.665 33.264 32.402 30.589 34.235 36.542 39.383 37.236 35.489 38.706 39.557 36.187 34.244 30.997 28.111 25.813 23.557 25.573 24.609 22.518 23.214 23.833 26.279 27.741 28.135 29.821 32.110 33.638 33.602 34.724 35.417 37.934 39.902 40.129 37.265 36.895 33.094 31.865 29.202 27.278 25.284 22.312 20.930 21.931 25.514 25.327 24.450 27.218 30.085 28.951 28.748 31.834 33.818 34.385 32.226 32.700 29.209 25.729 23.696 19.891 17.028 18.037 14.635 14.646 18.237 17.325 14.628 15.177 18.976 21.075 20.284 20.512 24.127 24.511 23.908 26.435 29.054 26.997 26.345 25.655 28.627 29.548 27.826 24.572 24.841 25.280 26.605 26.170 28.295 25.678 22.306 22.530 23.251 19.842 16.892 17.481 16.779 18.274 21.195 24.418 27.626 29.528 26.923 28.716 28.633 24.808 24.726 26.798 24.650 21.459 24.077 25.589 22.642 21.016 24.602 25.156 21.913 23.311 26.891 26.371 24.373 21.221 19.365 20.290 19.640 16.077 15.597 17.204 14.327 12.476 15.490 19.220 20.603 21.023 17.619 19.420 21.579 24.693
 30.956 27.149 24.915 24.841 21.343 19.781 17.258 15.160 13.537 10.426  9.647  6.050  8.128  9.652  8.909 10.794 10.626  7.509  3.928  0.000  3.781  6.567  8.486  6.681  5.548  5.010  5.853  8.672 12.138 11.856 10.380 13.094 15.615 14.837 15.119 18.253 19.886 19.722 20.915 23.663 24.355 24.501 22.330 19.461 16.264 14.476 11.367 12.144  9.799 12.391 13.602 15.428 18.539 19.261 18.910 22.748 23.051 20.243 21.556 24.990 24.436 23.568 19.731 18.632 21.007 18.979 16.945 15.018 13.873 15.383 18.298 21.573 24.761 27.090 30.547 29.232 26.688 29.078 31.637 29.472 27.062 26.890 24.834 24.186 25.717 23.621 20.214 20.290 21.406 19.492 22.620 23.816 26.085 28.642 28.411 31.573 33.320 34.336 37.768 37.943 39.034 36.710 36.032 34.291 37.966 40.208 43.046 40.814 38.980 42.138 42.804 39.384 37.248 34.151 31.099 28.874 26.381 28.259 27.317 25.585 26.594 27.320 29.539 31.071 31.699 33.305 35.457 37.137 37.244 38.278 38.780 41.305 43.409 43.548 40.621 40.033 36.202 34.700 31.952 29.711 27.425 24.436 23.357 23.934 27.546 27.816 26.825 29.250 32.384 31.512 31.026 33.937 36.228 36.849 34.964 35.691 32.354 28.845 27.055 23.262 20.647 21.698 18.207 17.910 21.422 20.440 17.370 17.642 21.460 23.747 22.644 22.396 25.765 26.375 26.240 28.677 31.543 29.794 29.465 29.062 32.113 33.199 31.615 28.417 28.710 29.189 30.437 29.905 31.911 29.246 25.976 26.214 26.993 23.600 20.488 20.694 19.475 20.787 23.306 26.264 29.711 31.253 28.584 30.671 30.326 26.477 26.908 28.969 26.498 23.650 26.607 27.830 24.700 23.566 27.227 27.390 24.198 26.012 29.402 28.507 26.723 23.301 21.959 22.993 21.830 18.284 18.418 19.688 16.368 15.185 18.568 22.162 23.931 24.550 21.271 23.040 25.369 28.538
 33.381 29.526 27.302 26.768 23.296 22.185 19.980 18.102 16.945 13.949 13.385  9.713 11.265 12.116 10.417 11.829 12.674 10.278  6.757  3.781  0.000  3.862  5.715  5.537  4.994  6.529  6.522  9.760 13.545 14.126 12.227 14.084 17.207 16.850 16.410 19.277 21.505 21.406 21.967 24.832 26.004 25.886 23.983 20.932 18.073 16.508 13.930 15.185 13.185 16.062 17.312 19.179 22.246 22.997 22.673 26.503 26.743 23.842 25.118 28.496 27.885 26.770 22.962 21.909 24.160 22.180 20.362 18.127 17.165 18.466 21.621 24.742 27.958 30.421 33.950 32.788 30.253 32.528 35.212 33.117 30.604 30.224 27.986 27.019 28.295 26.112 22.520 22.406 23.617 21.829 24.845 25.900 27.766 30.123 29.428 32.323 33.675 34.508 38.065 38.505 39.876 37.838 37.429 36.024 39.802 42.174 44.810 42.336 40.634 43.883 44.396 40.822 38.637 35.727 32.723 30.855 28.527 30.676 30.093 28.382 29.450 29.827 32.051 33.855 34.361 35.715 38.039 39.839 39.741 40.552 41.099 43.827 45.819 45.727 42.633 41.907 38.124 36.501 33.955 31.551 29.380 26.135 24.826 24.880 28.609 29.024 27.582 29.812 33.159 32.239 31.298 34.180 36.639 37.588 35.963 36.711 33.533 30.194 28.776 25.088 22.598 23.215 19.508 19.181 22.359 20.956 17.558 17.956 21.603 23.752 22.131 21.596 24.739 25.810 25.976 28.081 31.236 29.925 29.886 29.947 33.212 34.428 33.111 30.185 30.883 31.590 33.150 32.863 35.020 32.332 28.976 29.253 29.818 26.292 23.353 23.642 22.544 24.162 26.627 29.659 33.079 34.490 31.634 33.598 32.960 29.142 29.699 31.469 28.759 26.021 28.917 29.759 26.403 25.382 28.907 28.665 25.297 27.184 30.385 29.067 27.162 23.677 22.800 23.471 21.762 18.500 18.945 19.516 15.842 15.246 18.924 22.196 24.476 25.571 22.638 24.682 27.133 30.520
 36.090 32.306 29.799 29.152 25.508 24.673 22.248 20.820 19.527 16.787 15.920 12.347 13.491 14.820 13.520 15.231 16.270 13.759 10.005  6.567  3.862  0.000  3.832  5.430  7.217  9.762 10.355 13.609 17.397 17.882 15.916 17.813 20.976 20.390 19.765 22.764 25.036 24.634 25.096 28.166 29.258 28.833 26.737 23.402 20.804 18.800 16.252 17.032 14.827 17.932 18.903 21.221 23.878 24.627 24.827 28.675 28.519 25.680 27.392 30.575 29.524 28.393 24.635 24.118 26.687 25.060 23.323 21.436 20.437 21.787 24.796 27.963 31.242 33.499 36.995 35.571 33.138 35.617 38.100 35.847 33.495 33.383 31.357 30.565 31.992 29.839 26.294 26.140 27.167 25.136 27.975 28.704 30.475 32.540 31.636 34.328 35.531 36.581 40.233 40.576 42.204 40.190 40.037 38.680 42.472 44.687 47.327 44.757 42.886 46.007 46.252 42.655 40.231 37.534 34.351 32.598 30.055 32.075 31.636 30.326 31.778 32.179 34.089 36.053 36.840 38.000 40.162 42.209 42.275 42.894 43.165 45.933 48.088 47.827 44.647 43.624 39.837 37.895 35.301 32.579 30.177 26.962 25.989 25.619 29.260 30.159 28.685 30.486 34.039 33.472 32.311 34.915 37.679 38.601 37.301 38.378 35.426 32.061 30.941 27.319 25.211 26.030 22.382 21.566 24.654 23.475 19.881 19.741 23.289 25.731 24.098 22.989 25.736 26.792 27.485 29.616 32.871 31.819 32.176 32.480 35.715 37.219 36.138 33.244 33.890 34.795 36.254 36.034 37.969 35.105 31.898 32.428 33.240 29.802 26.860 27.172 25.943 27.282 29.639 32.454 36.002 37.319 34.578 36.763 36.135 32.317 33.055 34.933 32.175 29.560 32.577 33.410 30.045 29.157 32.707 32.391 29.054 31.010 34.163 32.730 30.850 27.336 26.598 27.185 25.326 22.182 22.658 22.972 19.220 18.679 22.349 25.463 27.828 29.137 26.252 28.426 30.758 34.116
 35.091 31.355 28.738 27.639 24.026 23.736 21.643 20.701 20.066 17.817 17.724 14.414 16.305 17.675 16.130 17.408 18.177 15.555 12.148  8.486  5.715  3.832  0.000  3.722  6.250  9.831 11.080 14.739 18.428 18.820 16.184 17.735 21.105 20.250 18.952 21.974 24.497 23.701 23.734 27.054 28.237 27.349 25.295 21.743 19.632 17.662 15.766 17.014 15.568 19.098 20.695 23.227 25.951 26.206 26.201 29.969 29.573 26.434 28.010 30.995 29.890 28.284 24.653 24.208 26.621 25.316 24.129 22.181 21.837 23.639 26.554 29.905 32.967 35.441 38.833 37.505 34.796 37.046 39.563 37.147 34.543 34.242 32.290 31.229 32.775 30.955 27.346 27.620 29.109 27.462 30.539 31.598 33.437 35.697 34.836 37.570 38.705 39.514 43.146 43.686 45.241 43.308 43.028 41.689 45.479 47.819 50.446 47.913 46.171 49.375 49.745 46.141 43.814 41.044 37.932 36.121 33.614 35.597 34.979 33.555 34.818 35.333 37.401 39.200 39.881 41.225 43.427 45.310 45.335 46.117 46.526 49.233 51.335 51.198 48.071 47.180 43.387 41.551 38.943 36.297 33.888 30.709 29.696 29.396 33.059 33.871 32.345 34.214 37.757 37.076 35.861 38.532 41.251 42.271 40.922 41.870 38.843 35.519 34.275 30.614 28.255 28.884 25.153 24.720 27.793 26.311 22.775 23.030 26.539 28.717 26.804 25.900 28.658 30.008 30.603 32.492 35.846 34.881 35.095 35.396 38.718 40.008 38.759 35.882 36.594 37.244 38.731 38.280 40.379 37.710 34.419 34.599 35.146 31.615 28.488 28.350 26.759 28.231 30.208 32.919 36.517 37.453 34.523 36.738 35.745 32.007 33.145 34.813 31.766 29.511 32.707 33.160 29.676 29.260 32.780 32.064 28.876 31.209 34.096 32.353 30.808 27.122 26.877 27.719 25.523 22.439 23.552 23.859 20.010 20.164 23.969 27.028 29.621 30.793 27.993 29.881 32.540 35.968
